             willr     willr_34     willr_89         bias
count  6833.000000  4740.000000  2512.000000  5506.000000
mean    -31.652293   -27.617374   -18.205283    13.271512
std      29.590012    26.527592    17.706109    16.266383
min    -100.000000  -100.000000   -90.883306   -36.322196
25%     -52.747253   -42.857143   -28.043941     3.032831
50%     -25.000000   -20.073017   -13.962038    10.102837
75%      -1.485149    -5.010585    -2.665680    19.689097
max       0.000000     0.000000     0.000000   110.902592

             willr     willr_34    willr_89         bias
count  2087.000000  1520.000000  638.000000  1612.000000
mean    -46.194660   -32.059767  -12.410729    18.440576
std      33.994203    31.461975   10.899245    21.242094
min    -100.000000  -100.000000  -71.949631   -33.731907
25%     -80.000000   -48.679749  -17.293960     2.027725
50%     -38.853503   -19.752152  -10.184451    18.196326
75%     -16.321124    -8.006822   -5.351054    31.132022
max       0.000000     0.000000    0.000000   116.679419